image_width: 1920
image_height: 1200
camera_name: narrow_stereo
camera_matrix:
  rows: 3
  cols: 3
  data: [2766.262164,    0.      ,  973.937677,
            0.      , 2765.900698,  591.165896,
            0.      ,    0.      ,    1.      ]
distortion_model: plumb_bob
distortion_coefficients:
  rows: 1
  cols: 5
  data: [-0.220573, 0.226438, -0.000139, 0.001256, 0.000000]
rectification_matrix:
  rows: 3
  cols: 3
  data: [1., 0., 0.,
         0., 1., 0.,
         0., 0., 1.]
projection_matrix:
  rows: 3
  cols: 4
  data: [2697.518555,    0.      ,  975.422660,    0.      ,
            0.      , 2735.690918,  590.443351,    0.      ,
            0.      ,    0.      ,    1.      ,    0.      ]